a <- c(1,2)
a